[[["0,-1/64", "15/64,-1/64", "17/64,1/64", "17/64,15/64", "15/64,17/64", "1/64,17/64", "-1/64,15/64", "-1/64,0", "0,0"], ["1/64,1/64", "1/64,15/64", "15/64,15/64", "15/64,1/64"]], "165\n0,15/64\n0,33/64\n1/32,17/64\n1/32,31/64\n0,0\n1/32,0\n0,47/64\n1/32,49/64\n1/32,1\n0,1\n1/16,15/64\n1/16,33/64\n1/16,0\n1/16,47/64\n1/16,1\n1/8,15/64\n3/32,17/64\n3/32,31/64\n1/8,33/64\n1/8,0\n3/32,0\n1/8,47/64\n3/32,49/64\n3/32,1\n1/8,1\n1/4,15/64\n7/32,17/64\n7/32,31/64\n1/4,33/64\n1/4,0\n7/32,0\n1/4,47/64\n7/32,49/64\n7/32,1\n1/4,1\n3/16,15/64\n3/16,33/64\n3/16,0\n3/16,47/64\n3/16,1\n5/32,17/64\n5/32,31/64\n5/32,0\n5/32,49/64\n5/32,1\n1/2,15/64\n15/32,17/64\n15/32,31/64\n1/2,33/64\n1/2,0\n15/32,0\n1/2,47/64\n15/32,49/64\n15/32,1\n1/2,1\n7/16,15/64\n7/16,33/64\n7/16,0\n7/16,47/64\n7/16,1\n3/8,15/64\n13/32,17/64\n13/32,31/64\n3/8,33/64\n3/8,0\n13/32,0\n3/8,47/64\n13/32,49/64\n13/32,1\n3/8,1\n9/32,17/64\n9/32,31/64\n9/32,0\n9/32,49/64\n9/32,1\n5/16,15/64\n5/16,33/64\n5/16,0\n5/16,47/64\n5/16,1\n11/32,17/64\n11/32,31/64\n11/32,0\n11/32,49/64\n11/32,1\n1,15/64\n31/32,17/64\n31/32,31/64\n1,33/64\n1,0\n31/32,0\n1,47/64\n31/32,49/64\n31/32,1\n1,1\n15/16,15/64\n15/16,33/64\n15/16,0\n15/16,47/64\n15/16,1\n7/8,15/64\n29/32,17/64\n29/32,31/64\n7/8,33/64\n7/8,0\n29/32,0\n7/8,47/64\n29/32,49/64\n29/32,1\n7/8,1\n3/4,15/64\n25/32,17/64\n25/32,31/64\n3/4,33/64\n3/4,0\n25/32,0\n3/4,47/64\n25/32,49/64\n25/32,1\n3/4,1\n13/16,15/64\n13/16,33/64\n13/16,0\n13/16,47/64\n13/16,1\n27/32,17/64\n27/32,31/64\n27/32,0\n27/32,49/64\n27/32,1\n17/32,17/64\n17/32,31/64\n17/32,0\n17/32,49/64\n17/32,1\n9/16,15/64\n9/16,33/64\n9/16,0\n9/16,47/64\n9/16,1\n5/8,15/64\n19/32,17/64\n19/32,31/64\n5/8,33/64\n5/8,0\n19/32,0\n5/8,47/64\n19/32,49/64\n19/32,1\n5/8,1\n23/32,17/64\n23/32,31/64\n23/32,0\n23/32,49/64\n23/32,1\n11/16,15/64\n11/16,33/64\n11/16,0\n11/16,47/64\n11/16,1\n21/32,17/64\n21/32,31/64\n21/32,0\n21/32,49/64\n21/32,1\n128\n4 161 156 155 160\n4 45 130 131 48\n4 112 113 110 111\n4 155 150 152 157\n4 142 143 140 141\n4 138 133 134 139\n4 161 143 140 160\n4 132 49 45 130\n4 138 147 148 139\n4 121 123 128 126\n4 142 143 146 147\n4 113 116 153 151\n4 158 163 164 159\n4 110 150 152 114\n4 161 143 146 163\n4 106 107 108 109\n4 109 106 128 129\n4 120 125 127 122\n4 135 130 131 136\n4 135 141 142 136\n4 48 51 133 131\n4 126 103 106 128\n4 142 136 138 147\n4 156 158 153 151\n4 96 98 92 87\n4 112 121 123 117\n4 96 98 107 102\n4 155 150 151 156\n4 156 158 163 161\n4 131 136 138 133\n4 162 144 140 160\n4 113 116 117 112\n4 126 103 100 125\n4 91 92 93 94\n4 149 146 147 148\n4 119 116 153 154\n4 112 121 120 111\n4 95 101 105 97\n4 158 153 154 159\n4 146 163 164 149\n4 100 125 127 104\n4 155 160 162 157\n4 124 123 117 118\n4 126 121 120 125\n4 88 91 92 87\n4 120 111 115 122\n4 25 26 27 28\n4 75 70 72 77\n4 36 38 43 41\n4 30 37 35 26\n4 35 40 42 37\n4 75 70 71 76\n4 56 58 67 62\n4 25 70 71 28\n4 50 57 55 46\n4 51 133 134 54\n4 145 137 135 141\n4 103 106 107 102\n4 72 29 25 70\n4 60 80 82 64\n4 38 43 44 39\n4 62 56 55 61\n4 50 49 45 46\n4 62 63 66 67\n4 11 13 7 3\n4 28 31 32 27\n4 13 7 8 14\n4 15 40 42 19\n4 28 31 73 71\n4 47 56 58 52\n4 51 52 53 54\n4 35 26 27 36\n4 78 73 74 79\n4 82 77 75 80\n4 132 137 135 130\n4 100 101 102 103\n4 124 123 128 129\n4 30 29 25 26\n4 115 114 110 111\n4 15 16 17 18\n4 10 16 20 12\n4 58 67 68 59\n4 58 52 53 59\n4 87 96 95 86\n4 34 31 73 74\n4 87 88 85 86\n4 100 101 105 104\n4 75 80 81 76\n4 99 98 107 108\n4 90 97 95 86\n4 5 12 10 2\n4 39 38 32 33\n4 5 4 0 2\n4 99 98 92 93\n4 79 78 83 84\n4 62 63 60 61\n4 95 101 102 96\n4 17 18 21 22\n4 55 46 47 56\n4 41 18 15 40\n4 15 16 20 19\n4 31 32 33 34\n4 60 80 81 63\n4 41 36 35 40\n4 65 64 60 61\n4 69 66 67 68\n4 90 89 85 86\n4 140 141 145 144\n4 21 43 44 24\n4 69 66 83 84\n4 45 46 47 48\n4 63 66 83 81\n4 116 117 118 119\n4 110 150 151 113\n4 81 76 78 83\n4 76 78 73 71\n4 36 38 32 27\n4 3 11 10 2\n4 18 21 43 41\n4 65 57 55 61\n4 10 16 17 11\n4 48 51 52 47\n4 24 21 22 23\n4 6 7 8 9\n4 17 11 13 22\n4 14 13 22 23\n4 1 6 7 3\n4 3 1 0 2\n15/64,-1/64\n15/64,17/64\n17/64,1/64\n17/64,15/64\n0,-1/64\n0,1/64\n1/64,17/64\n-1/64,15/64\n-1/64,0\n1/64,0\n15/64,-1/64\n15/64,17/64\n0,-1/64\n1/64,17/64\n1/64,0\n15/64,-1/64\n17/64,1/64\n17/64,15/64\n15/64,17/64\n0,-1/64\n0,1/64\n1/64,17/64\n-1/64,15/64\n-1/64,0\n1/64,0\n15/64,-1/64\n17/64,1/64\n17/64,15/64\n15/64,17/64\n0,-1/64\n0,1/64\n1/64,17/64\n-1/64,15/64\n-1/64,0\n1/64,0\n15/64,-1/64\n15/64,17/64\n0,-1/64\n1/64,17/64\n1/64,0\n17/64,1/64\n17/64,15/64\n0,1/64\n-1/64,15/64\n-1/64,0\n15/64,-1/64\n17/64,1/64\n17/64,15/64\n15/64,17/64\n0,-1/64\n0,1/64\n1/64,17/64\n-1/64,15/64\n-1/64,0\n1/64,0\n15/64,-1/64\n15/64,17/64\n0,-1/64\n1/64,17/64\n1/64,0\n15/64,-1/64\n17/64,1/64\n17/64,15/64\n15/64,17/64\n0,-1/64\n0,1/64\n1/64,17/64\n-1/64,15/64\n-1/64,0\n1/64,0\n17/64,1/64\n17/64,15/64\n0,1/64\n-1/64,15/64\n-1/64,0\n15/64,-1/64\n15/64,17/64\n0,-1/64\n1/64,17/64\n1/64,0\n17/64,1/64\n17/64,15/64\n0,1/64\n-1/64,15/64\n-1/64,0\n15/64,-1/64\n17/64,1/64\n17/64,15/64\n15/64,17/64\n0,-1/64\n0,1/64\n1/64,17/64\n-1/64,15/64\n-1/64,0\n1/64,0\n15/64,-1/64\n15/64,17/64\n0,-1/64\n1/64,17/64\n1/64,0\n15/64,-1/64\n17/64,1/64\n17/64,15/64\n15/64,17/64\n0,-1/64\n0,1/64\n1/64,17/64\n-1/64,15/64\n-1/64,0\n1/64,0\n15/64,-1/64\n17/64,1/64\n17/64,15/64\n15/64,17/64\n0,-1/64\n0,1/64\n1/64,17/64\n-1/64,15/64\n-1/64,0\n1/64,0\n15/64,-1/64\n15/64,17/64\n0,-1/64\n1/64,17/64\n1/64,0\n17/64,1/64\n17/64,15/64\n0,1/64\n-1/64,15/64\n-1/64,0\n17/64,1/64\n17/64,15/64\n0,1/64\n-1/64,15/64\n-1/64,0\n15/64,-1/64\n15/64,17/64\n0,-1/64\n1/64,17/64\n1/64,0\n15/64,-1/64\n17/64,1/64\n17/64,15/64\n15/64,17/64\n0,-1/64\n0,1/64\n1/64,17/64\n-1/64,15/64\n-1/64,0\n1/64,0\n17/64,1/64\n17/64,15/64\n0,1/64\n-1/64,15/64\n-1/64,0\n15/64,-1/64\n15/64,17/64\n0,-1/64\n1/64,17/64\n1/64,0\n17/64,1/64\n17/64,15/64\n0,1/64\n-1/64,15/64\n-1/64,0\n"]