[[["-15349/35,-15348/35", "-15332/35,-15348/35", "-15331/35,-15347/35", "-15331/35,-438", "-15332/35,-438", "-15332/35,-15347/35", "-15349/35,-15347/35"]], "108\n0,0\n0,1/35\n17/35,0\n18/35,1/35\n1,1/35\n1,0\n0,2/35\n17/35,2/35\n1,2/35\n0,4/35\n17/35,4/35\n0,3/35\n18/35,3/35\n1,3/35\n1,4/35\n0,8/35\n17/35,8/35\n0,1/5\n18/35,1/5\n1,1/5\n1,8/35\n0,6/35\n17/35,6/35\n1,6/35\n0,1/7\n18/35,1/7\n1,1/7\n0,16/35\n17/35,16/35\n0,3/7\n18/35,3/7\n1,3/7\n1,16/35\n0,2/5\n17/35,2/5\n1,2/5\n0,12/35\n17/35,12/35\n0,13/35\n18/35,13/35\n1,13/35\n1,12/35\n0,9/35\n18/35,9/35\n1,9/35\n0,2/7\n17/35,2/7\n1,2/7\n0,11/35\n18/35,11/35\n1,11/35\n0,32/35\n17/35,32/35\n0,31/35\n18/35,31/35\n1,31/35\n1,32/35\n0,6/7\n17/35,6/7\n1,6/7\n0,4/5\n17/35,4/5\n0,29/35\n18/35,29/35\n1,29/35\n1,4/5\n0,24/35\n17/35,24/35\n0,5/7\n18/35,5/7\n1,5/7\n1,24/35\n0,26/35\n17/35,26/35\n1,26/35\n0,27/35\n18/35,27/35\n1,27/35\n0,17/35\n18/35,17/35\n1,17/35\n0,18/35\n17/35,18/35\n1,18/35\n0,4/7\n17/35,4/7\n0,19/35\n18/35,19/35\n1,19/35\n1,4/7\n0,23/35\n18/35,23/35\n1,23/35\n0,22/35\n17/35,22/35\n1,22/35\n0,3/5\n18/35,3/5\n1,3/5\n0,33/35\n0,34/35\n17/35,34/35\n0,1\n18/35,1\n1,1\n1,34/35\n18/35,33/35\n1,33/35\n70\n4 88 89 85 87\n4 91 90 66 67\n4 43 42 45 46\n4 79 78 27 28\n4 25 24 21 22\n4 55 56 52 54\n4 88 83 82 87\n4 63 62 60 61\n4 92 71 67 91\n4 92 95 94 91\n4 104 105 101 103\n4 25 24 9 10\n4 44 20 16 43\n4 69 68 72 73\n4 64 65 61 63\n4 87 86 81 82\n4 69 68 66 67\n4 76 75 60 61\n4 77 65 61 76\n4 106 99 100 101\n4 39 38 33 34\n4 91 90 93 94\n4 19 20 16 18\n4 12 11 9 10\n4 98 89 85 97\n4 106 107 56 52\n4 18 17 21 22\n4 49 48 45 46\n4 43 42 15 16\n4 50 47 46 49\n4 97 96 93 94\n4 30 29 33 34\n4 54 53 57 58\n4 97 96 84 85\n4 77 74 73 76\n4 87 86 84 85\n4 103 102 100 101\n4 54 53 51 52\n4 79 78 81 82\n4 3 1 6 7\n4 40 35 34 39\n4 76 75 72 73\n4 106 99 51 52\n4 49 48 36 37\n4 13 14 10 12\n4 31 32 28 30\n4 63 62 57 58\n4 80 83 82 79\n4 55 59 58 54\n4 39 38 36 37\n4 18 17 15 16\n4 70 71 67 69\n4 50 41 37 49\n4 3 1 0 2\n4 26 23 22 25\n4 4 5 2 3\n4 106 107 105 101\n4 70 74 73 69\n4 30 29 27 28\n4 44 47 46 43\n4 4 8 7 3\n4 64 59 58 63\n4 40 41 37 39\n4 31 35 34 30\n4 26 14 10 25\n4 80 32 28 79\n4 13 8 7 12\n4 98 95 94 97\n4 19 23 22 18\n4 12 11 6 7\n-15349/35,-15348/35\n-15349/35,-15347/35\n-15332/35,-15348/35\n-15331/35,-15347/35\n-15331/35,-438\n-15332/35,-438\n-15349/35,-15348/35\n-15332/35,-15348/35\n-15332/35,-438\n-15349/35,-15348/35\n-15332/35,-15348/35\n-15349/35,-15347/35\n-15331/35,-15347/35\n-15331/35,-438\n-15332/35,-438\n-15349/35,-15348/35\n-15332/35,-15348/35\n-15349/35,-15347/35\n-15331/35,-15347/35\n-15331/35,-438\n-15332/35,-438\n-15349/35,-15348/35\n-15332/35,-15348/35\n-15332/35,-438\n-15349/35,-15347/35\n-15331/35,-15347/35\n-15331/35,-438\n-15349/35,-15348/35\n-15332/35,-15348/35\n-15349/35,-15347/35\n-15331/35,-15347/35\n-15331/35,-438\n-15332/35,-438\n-15349/35,-15348/35\n-15332/35,-15348/35\n-15332/35,-438\n-15349/35,-15348/35\n-15332/35,-15348/35\n-15349/35,-15347/35\n-15331/35,-15347/35\n-15331/35,-438\n-15332/35,-438\n-15349/35,-15347/35\n-15331/35,-15347/35\n-15331/35,-438\n-15349/35,-15348/35\n-15332/35,-15348/35\n-15332/35,-438\n-15349/35,-15347/35\n-15331/35,-15347/35\n-15331/35,-438\n-15349/35,-15348/35\n-15332/35,-15348/35\n-15349/35,-15347/35\n-15331/35,-15347/35\n-15331/35,-438\n-15332/35,-438\n-15349/35,-15348/35\n-15332/35,-15348/35\n-15332/35,-438\n-15349/35,-15348/35\n-15332/35,-15348/35\n-15349/35,-15347/35\n-15331/35,-15347/35\n-15331/35,-438\n-15332/35,-438\n-15349/35,-15348/35\n-15332/35,-15348/35\n-15349/35,-15347/35\n-15331/35,-15347/35\n-15331/35,-438\n-15332/35,-438\n-15349/35,-15348/35\n-15332/35,-15348/35\n-15332/35,-438\n-15349/35,-15347/35\n-15331/35,-15347/35\n-15331/35,-438\n-15349/35,-15347/35\n-15331/35,-15347/35\n-15331/35,-438\n-15349/35,-15348/35\n-15332/35,-15348/35\n-15332/35,-438\n-15349/35,-15348/35\n-15332/35,-15348/35\n-15349/35,-15347/35\n-15331/35,-15347/35\n-15331/35,-438\n-15332/35,-438\n-15349/35,-15347/35\n-15331/35,-15347/35\n-15331/35,-438\n-15349/35,-15348/35\n-15332/35,-15348/35\n-15332/35,-438\n-15349/35,-15347/35\n-15331/35,-15347/35\n-15331/35,-438\n-15349/35,-15347/35\n-15349/35,-15348/35\n-15332/35,-15348/35\n-15349/35,-15347/35\n-15331/35,-15347/35\n-15331/35,-438\n-15332/35,-438\n-15331/35,-15347/35\n-15331/35,-438\n"]