[[["716655492/717343,-716683645/717343", "716746616/717343,-5016457330/5021401", "65156071/65213,-456004674/456491", "999,-999"]], "96\n0,1/11\n0,0\n1/7,1/11\n1/7,0\n0,2/11\n1/7,2/11\n0,3/11\n1/7,3/11\n0,4/11\n1/7,4/11\n0,5/11\n1/7,5/11\n0,6/11\n1/7,6/11\n0,7/11\n1/7,7/11\n0,8/11\n1/7,8/11\n0,9/11\n1/7,9/11\n0,10/11\n1/7,10/11\n0,1\n1/7,1\n2/7,0\n2/7,1/11\n2/7,2/11\n2/7,3/11\n2/7,4/11\n2/7,5/11\n2/7,6/11\n2/7,7/11\n2/7,8/11\n2/7,9/11\n2/7,10/11\n2/7,1\n4/7,0\n3/7,0\n3/7,1/11\n4/7,1/11\n4/7,2/11\n3/7,2/11\n3/7,3/11\n4/7,3/11\n4/7,4/11\n3/7,4/11\n3/7,5/11\n4/7,5/11\n4/7,6/11\n3/7,6/11\n3/7,7/11\n4/7,7/11\n4/7,8/11\n3/7,8/11\n3/7,9/11\n4/7,9/11\n4/7,10/11\n3/7,10/11\n3/7,1\n4/7,1\n5/7,0\n5/7,1/11\n6/7,0\n6/7,1/11\n6/7,2/11\n5/7,2/11\n5/7,3/11\n6/7,3/11\n6/7,4/11\n5/7,4/11\n5/7,5/11\n6/7,5/11\n6/7,6/11\n5/7,6/11\n5/7,7/11\n6/7,7/11\n6/7,8/11\n5/7,8/11\n5/7,9/11\n6/7,9/11\n6/7,10/11\n5/7,10/11\n5/7,1\n6/7,1\n1,0\n1,1/11\n1,2/11\n1,3/11\n1,4/11\n1,5/11\n1,6/11\n1,7/11\n1,8/11\n1,9/11\n1,10/11\n1,1\n77\n4 3 2 0 1\n4 5 2 0 4\n4 5 7 6 4\n4 9 7 6 8\n4 9 11 10 8\n4 13 11 10 12\n4 13 15 14 12\n4 17 15 14 16\n4 17 19 18 16\n4 21 19 18 20\n4 21 23 22 20\n4 3 2 25 24\n4 5 2 25 26\n4 5 7 27 26\n4 9 7 27 28\n4 9 11 29 28\n4 13 11 29 30\n4 13 15 31 30\n4 17 15 31 32\n4 17 19 33 32\n4 21 19 33 34\n4 21 23 35 34\n4 37 38 39 36\n4 41 38 39 40\n4 41 42 43 40\n4 45 42 43 44\n4 45 46 47 44\n4 49 46 47 48\n4 49 50 51 48\n4 53 50 51 52\n4 53 54 55 52\n4 57 54 55 56\n4 57 58 59 56\n4 37 38 25 24\n4 41 38 25 26\n4 41 42 27 26\n4 45 42 27 28\n4 45 46 29 28\n4 49 46 29 30\n4 49 50 31 30\n4 53 50 31 32\n4 53 54 33 32\n4 57 54 33 34\n4 57 58 35 34\n4 60 61 39 36\n4 60 61 63 62\n4 65 61 63 64\n4 65 66 67 64\n4 69 66 67 68\n4 69 70 71 68\n4 73 70 71 72\n4 73 74 75 72\n4 77 74 75 76\n4 77 78 79 76\n4 81 78 79 80\n4 81 82 83 80\n4 81 82 59 56\n4 81 78 55 56\n4 77 78 55 52\n4 77 74 51 52\n4 73 74 51 48\n4 73 70 47 48\n4 69 70 47 44\n4 69 66 43 44\n4 65 66 43 40\n4 65 61 39 40\n4 84 85 63 62\n4 86 85 63 64\n4 86 87 67 64\n4 88 87 67 68\n4 88 89 71 68\n4 90 89 71 72\n4 90 91 75 72\n4 92 91 75 76\n4 92 93 79 76\n4 94 93 79 80\n4 94 95 83 80\n999,-999\n716655492/717343,-716683645/717343\n65156071/65213,-456004674/456491\n716746616/717343,-5016457330/5021401\n716655492/717343,-716683645/717343\n716746616/717343,-5016457330/5021401\n999,-999\n65156071/65213,-456004674/456491\n716655492/717343,-716683645/717343\n716746616/717343,-5016457330/5021401\n999,-999\n65156071/65213,-456004674/456491\n716655492/717343,-716683645/717343\n716746616/717343,-5016457330/5021401\n999,-999\n65156071/65213,-456004674/456491\n716655492/717343,-716683645/717343\n716746616/717343,-5016457330/5021401\n999,-999\n65156071/65213,-456004674/456491\n716655492/717343,-716683645/717343\n716746616/717343,-5016457330/5021401\n999,-999\n65156071/65213,-456004674/456491\n716655492/717343,-716683645/717343\n999,-999\n716655492/717343,-716683645/717343\n999,-999\n716655492/717343,-716683645/717343\n999,-999\n716655492/717343,-716683645/717343\n999,-999\n716655492/717343,-716683645/717343\n999,-999\n716655492/717343,-716683645/717343\n999,-999\n716655492/717343,-716683645/717343\n716746616/717343,-5016457330/5021401\n65156071/65213,-456004674/456491\n999,-999\n716655492/717343,-716683645/717343\n716746616/717343,-5016457330/5021401\n65156071/65213,-456004674/456491\n999,-999\n716655492/717343,-716683645/717343\n716746616/717343,-5016457330/5021401\n65156071/65213,-456004674/456491\n999,-999\n716655492/717343,-716683645/717343\n716746616/717343,-5016457330/5021401\n65156071/65213,-456004674/456491\n999,-999\n716655492/717343,-716683645/717343\n716746616/717343,-5016457330/5021401\n65156071/65213,-456004674/456491\n999,-999\n716655492/717343,-716683645/717343\n716746616/717343,-5016457330/5021401\n65156071/65213,-456004674/456491\n999,-999\n716746616/717343,-5016457330/5021401\n65156071/65213,-456004674/456491\n716655492/717343,-716683645/717343\n999,-999\n716655492/717343,-716683645/717343\n716746616/717343,-5016457330/5021401\n65156071/65213,-456004674/456491\n999,-999\n716655492/717343,-716683645/717343\n716746616/717343,-5016457330/5021401\n65156071/65213,-456004674/456491\n999,-999\n716655492/717343,-716683645/717343\n716746616/717343,-5016457330/5021401\n65156071/65213,-456004674/456491\n999,-999\n716655492/717343,-716683645/717343\n716746616/717343,-5016457330/5021401\n65156071/65213,-456004674/456491\n999,-999\n716655492/717343,-716683645/717343\n716746616/717343,-5016457330/5021401\n65156071/65213,-456004674/456491\n999,-999\n716746616/717343,-5016457330/5021401\n65156071/65213,-456004674/456491\n716746616/717343,-5016457330/5021401\n65156071/65213,-456004674/456491\n716746616/717343,-5016457330/5021401\n65156071/65213,-456004674/456491\n716746616/717343,-5016457330/5021401\n65156071/65213,-456004674/456491\n716746616/717343,-5016457330/5021401\n65156071/65213,-456004674/456491\n716746616/717343,-5016457330/5021401\n65156071/65213,-456004674/456491\n"]