12
0,0
1/2,0
1,0
1/4,1/4
3/4,1/4
0,1/2
1,1/2
1/4,3/4
3/4,3/4
0,1
1/2,1
1,1
9
4 0 1 4 3
3 1 2 4
4 2 4 8 6
3 6 8 11
4 7 8 11 10
3 7 9 10
4 3 5 9 7
3 0 3 5
4 3 4 8 7
3663451375081113/4294967296,22885004084254805660229409925056498138
3663453522564761/4294967296,22885004084254805660229409925056498138
3663453522564761/4294967296,45770008168509611320458819850112996275/2
3663452448822937/4294967296,91540016337019222640917639700225992551/4
3663454596306585/4294967296,91540016337019222640917639700225992551/4
3663453522564761/4294967296,22885004084254805660229409925056498138
3663453522564761/4294967296,22885004084254805660229409925056498138
3663452448822937/4294967296,91540016337019222640917639700225992553/4
3663454596306585/4294967296,91540016337019222640917639700225992553/4
3663453522564761/4294967296,45770008168509611320458819850112996277/2
3663453522564761/4294967296,22885004084254805660229409925056498138
3663455670048409/4294967296,22885004084254805660229409925056498138
