12
0,0
1/2,0
1,0
1/4,1/4
3/4,1/4
0,1/2
1,1/2
1/4,3/4
3/4,3/4
0,1
1/2,1
1,1
9
4 0 1 4 3
3 1 2 4
4 2 4 8 6
3 6 8 11
4 7 8 11 10
3 7 9 10
4 3 5 9 7
3 0 3 5
4 3 4 8 7
6075636034124619/8192,313482503122628347492786970332852972541996101041
6075636034128715/8192,313482503122628347492786970332852972541996101041
6075636034128715/8192,626965006245256694985573940665705945083992202081/2
6075636034126667/8192,1253930012490513389971147881331411890167984404163/4
6075636034130763/8192,1253930012490513389971147881331411890167984404163/4
6075636034128715/8192,313482503122628347492786970332852972541996101041
6075636034128715/8192,313482503122628347492786970332852972541996101041
6075636034126667/8192,1253930012490513389971147881331411890167984404165/4
6075636034130763/8192,1253930012490513389971147881331411890167984404165/4
6075636034128715/8192,626965006245256694985573940665705945083992202083/2
6075636034128715/8192,313482503122628347492786970332852972541996101041
6075636034132811/8192,313482503122628347492786970332852972541996101041
