78
0,0
0,1/25
12/25,0
13/25,1/25
1,1/25
1,0
0,2/25
12/25,2/25
1,2/25
0,4/25
12/25,4/25
0,3/25
13/25,3/25
1,3/25
1,4/25
0,8/25
12/25,8/25
0,7/25
13/25,7/25
1,7/25
1,8/25
0,6/25
12/25,6/25
1,6/25
0,1/5
13/25,1/5
1,1/5
0,16/25
12/25,16/25
0,3/5
13/25,3/5
1,3/5
1,16/25
0,14/25
12/25,14/25
1,14/25
0,12/25
12/25,12/25
0,13/25
13/25,13/25
1,13/25
1,12/25
0,9/25
13/25,9/25
1,9/25
0,2/5
12/25,2/5
1,2/5
0,11/25
13/25,11/25
1,11/25
0,17/25
0,18/25
12/25,18/25
0,19/25
0,4/5
12/25,4/5
0,21/25
0,22/25
12/25,22/25
0,23/25
0,24/25
12/25,24/25
13/25,23/25
1,23/25
1,22/25
1,24/25
13/25,21/25
13/25,19/25
13/25,17/25
1,17/25
1,18/25
1,19/25
1,4/5
1,21/25
0,1
13/25,1
1,1
50
4 43 42 15 16
4 76 75 61 62
4 40 35 34 39
4 13 14 10 12
4 68 54 52 53
4 49 48 36 37
4 26 14 10 25
4 31 32 28 30
4 30 29 33 34
4 25 24 21 22
4 72 71 53 68
4 49 48 45 46
4 26 23 22 25
4 3 1 0 2
4 63 60 58 59
4 68 72 73 56
4 25 24 9 10
4 64 65 59 63
4 69 51 27 28
4 69 70 71 53
4 18 17 15 16
4 74 65 59 67
4 18 17 21 22
4 50 47 46 49
4 43 42 45 46
4 63 60 61 62
4 30 29 27 28
4 40 41 37 39
4 19 23 22 18
4 70 32 28 69
4 63 64 66 62
4 39 38 36 37
4 19 20 16 18
4 3 1 6 7
4 74 73 56 67
4 12 11 9 10
4 77 66 62 76
4 69 51 52 53
4 50 41 37 49
4 44 47 46 43
4 68 54 55 56
4 31 35 34 30
4 67 57 55 56
4 67 57 58 59
4 4 5 2 3
4 13 8 7 12
4 4 8 7 3
4 39 38 33 34
4 12 11 6 7
4 44 20 16 43
-204919033524802/25,-204919033524801/25
-204919033524802/25,-8196761340992
-40983806704958/5,-204919033524801/25
-204919033524789/25,-8196761340992
-204919033524789/25,-204919033524788/25
-40983806704958/5,-204919033524788/25
-204919033524802/25,-204919033524801/25
-40983806704958/5,-204919033524801/25
-40983806704958/5,-204919033524788/25
-204919033524802/25,-204919033524801/25
-40983806704958/5,-204919033524801/25
-204919033524802/25,-8196761340992
-204919033524789/25,-8196761340992
-204919033524789/25,-204919033524788/25
-40983806704958/5,-204919033524788/25
-204919033524802/25,-204919033524801/25
-40983806704958/5,-204919033524801/25
-204919033524802/25,-8196761340992
-204919033524789/25,-8196761340992
-204919033524789/25,-204919033524788/25
-40983806704958/5,-204919033524788/25
-204919033524802/25,-204919033524801/25
-40983806704958/5,-204919033524801/25
-40983806704958/5,-204919033524788/25
-204919033524802/25,-8196761340992
-204919033524789/25,-8196761340992
-204919033524789/25,-204919033524788/25
-204919033524802/25,-204919033524801/25
-40983806704958/5,-204919033524801/25
-204919033524802/25,-8196761340992
-204919033524789/25,-8196761340992
-204919033524789/25,-204919033524788/25
-40983806704958/5,-204919033524788/25
-204919033524802/25,-204919033524801/25
-40983806704958/5,-204919033524801/25
-40983806704958/5,-204919033524788/25
-204919033524802/25,-204919033524801/25
-40983806704958/5,-204919033524801/25
-204919033524802/25,-8196761340992
-204919033524789/25,-8196761340992
-204919033524789/25,-204919033524788/25
-40983806704958/5,-204919033524788/25
-204919033524802/25,-8196761340992
-204919033524789/25,-8196761340992
-204919033524789/25,-204919033524788/25
-204919033524802/25,-204919033524801/25
-40983806704958/5,-204919033524801/25
-40983806704958/5,-204919033524788/25
-204919033524802/25,-8196761340992
-204919033524789/25,-8196761340992
-204919033524789/25,-204919033524788/25
-204919033524802/25,-8196761340992
-204919033524802/25,-204919033524801/25
-40983806704958/5,-204919033524801/25
-204919033524802/25,-8196761340992
-204919033524802/25,-204919033524801/25
-40983806704958/5,-204919033524801/25
-204919033524802/25,-8196761340992
-204919033524802/25,-204919033524801/25
-40983806704958/5,-204919033524801/25
-204919033524802/25,-8196761340992
-204919033524802/25,-204919033524801/25
-40983806704958/5,-204919033524801/25
-204919033524789/25,-8196761340992
-204919033524789/25,-204919033524788/25
-40983806704958/5,-204919033524788/25
-40983806704958/5,-204919033524788/25
-204919033524789/25,-8196761340992
-204919033524789/25,-8196761340992
-204919033524789/25,-8196761340992
-204919033524789/25,-204919033524788/25
-40983806704958/5,-204919033524788/25
-204919033524789/25,-204919033524788/25
-40983806704958/5,-204919033524788/25
-204919033524789/25,-204919033524788/25
-204919033524802/25,-8196761340992
-204919033524789/25,-8196761340992
-204919033524789/25,-204919033524788/25
