27
0,0
0,15/56
1/8,0
1/8,1/7
1/8,1
0,1
1/4,15/56
1/4,0
1/4,1
3/8,1/7
1/2,15/56
1/2,0
3/8,0
1/2,1
3/8,1
7/8,1/7
1,15/56
1,0
7/8,0
1,1
7/8,1
3/4,15/56
3/4,0
3/4,1
5/8,1/7
5/8,0
5/8,1
16
4 1 0 2 3
4 5 4 3 1
4 6 7 2 3
4 8 4 3 6
4 10 11 12 9
4 13 14 9 10
4 6 7 12 9
4 8 14 9 6
4 16 17 18 15
4 19 20 15 16
4 21 22 18 15
4 23 20 15 21
4 10 11 25 24
4 13 26 24 10
4 21 22 25 24
4 23 26 24 21
0,0
0,15/56
1/8,0
1/8,1/7
-41/56,1/7
-41/56,15/56
0,15/56
0,0
-41/56,15/56
1/8,1/7
0,15/56
0,0
1/8,0
-41/56,15/56
-41/56,1/7
1/8,1/7
0,15/56
0,0
1/8,0
-41/56,15/56
-41/56,1/7
0,15/56
0,0
-41/56,15/56
1/8,1/7
1/8,0
-41/56,1/7
