10253/128,17/16,145/128,15/161/2,15/1617/128,119/384,15/160,10,15/1629/48,15/1611/16,11,15/161,153/128,7/87/16,7/817/128,7/80,7/811/16,7/81,7/853/128,3/445/128,13/167/16,3/41/2,13/1617/128,3/419/384,13/160,3/40,13/1629/48,13/1611/16,3/41,13/161,3/453/128,1/245/128,9/167/16,1/21/2,9/1617/128,1/219/384,9/160,1/20,9/1629/48,9/1611/16,1/21,9/161,1/253/128,5/87/16,5/817/128,5/80,5/811/16,5/81,5/845/128,11/161/2,11/1619/384,11/160,11/1629/48,11/161,11/1653/128,045/128,1/167/16,01/2,1/1617/128,019/384,1/160,00,1/1629/48,1/1611/16,01,1/161,053/128,1/87/16,1/817/128,1/80,1/811/16,1/81,1/853/128,1/445/128,3/167/16,1/41/2,3/1617/128,1/419/384,3/160,1/40,3/1629/48,3/1611/16,1/41,3/161,1/445/128,7/161/2,7/1619/384,7/160,7/1629/48,7/161,7/1653/128,3/87/16,3/817/128,3/80,3/811/16,3/81,3/845/128,5/161/2,5/1619/384,5/160,5/1629/48,5/161,5/16804 7 5 14 154 99 98 76 784 3 13 12 24 87 86 34 364 51 50 22 244 73 75 74 724 25 23 22 244 79 77 68 694 53 47 46 524 37 35 34 364 49 20 18 484 38 33 32 394 37 35 44 454 5 14 12 24 27 52 49 204 38 33 43 464 101 95 94 1004 82 71 70 804 23 22 18 194 16 26 21 134 61 59 68 694 80 75 67 704 26 21 20 274 87 86 92 934 8 3 13 164 94 88 89 954 70 62 64 714 46 52 49 434 84 85 91 904 75 67 66 734 84 85 32 304 98 76 72 964 35 44 42 314 86 92 90 844 88 85 91 944 98 92 90 964 10 11 9 84 61 59 58 604 57 56 54 554 100 97 74 814 28 17 16 264 19 21 20 184 25 23 14 154 86 34 30 844 79 77 76 784 35 34 30 314 39 38 40 414 7 5 4 64 97 74 72 964 55 57 67 664 81 100 101 834 28 29 27 264 27 52 53 294 97 91 90 964 64 65 63 624 51 50 44 454 2 3 1 04 21 13 12 194 94 100 97 914 99 98 92 934 46 38 40 474 8 3 1 94 62 57 67 704 62 57 56 634 80 75 74 814 68 66 73 774 66 55 59 684 50 22 18 484 77 76 72 734 88 85 32 394 31 33 32 304 48 49 43 424 58 54 55 594 39 88 89 414 4 0 2 54 23 14 12 194 31 33 43 424 81 80 82 834 16 8 10 174 44 42 48 50-589/3200,9/25-71/400,153/400-453/3200,113/400-1/10,17/4011/128,9/3219/128,19/9611/128,19/12819/128,19/1280,19/481/16,5/160,01/16,0-589/3200,9/25-71/400,153/40011/128,9/3211/128,19/1281/16,5/161/16,0-589/3200,9/25-453/3200,113/400-71/400,153/400-1/10,17/4011/128,9/3219/128,19/9611/128,19/12819/128,19/1280,19/481/16,5/160,01/16,0-589/3200,9/25-453/3200,113/400-71/400,153/400-1/10,17/4011/128,9/3219/128,19/9611/128,19/12819/128,19/1280,19/481/16,5/160,01/16,0-589/3200,9/25-71/400,153/40011/128,9/3211/128,19/1281/16,5/161/16,0-453/3200,113/400-1/10,17/4019/128,19/9619/128,19/1280,19/480,0-589/3200,9/25-453/3200,113/400-71/400,153/400-1/10,17/4011/128,9/3219/128,19/9611/128,19/12819/128,19/1280,19/481/16,5/160,01/16,0-589/3200,9/25-71/400,153/40011/128,9/3211/128,19/1281/16,5/161/16,0-589/3200,9/25-453/3200,113/400-71/400,153/400-1/10,17/4011/128,9/3219/128,19/9611/128,19/12819/128,19/1280,19/481/16,5/160,01/16,0-453/3200,113/400-1/10,17/4019/128,19/9619/128,19/1280,19/480,0-589/3200,9/25-71/400,153/40011/128,9/3211/128,19/1281/16,5/161/16,0-453/3200,113/400-1/10,17/4019/128,19/9619/128,19/1280,19/480,0