36
0,1
0,10/17
1/8,1
1/8,4385/8704
1/8,6/17
0,3807/8704
1/8,0
0,0
1/4,10/17
1/4,1
1/4,0
1/4,3807/8704
1/2,10/17
3/8,6/17
3/8,4385/8704
3/8,1
1/2,1
3/8,0
1/2,0
1/2,3807/8704
1,10/17
7/8,6/17
7/8,4385/8704
7/8,1
1,1
7/8,0
1,0
1,3807/8704
3/4,10/17
3/4,1
3/4,0
3/4,3807/8704
5/8,6/17
5/8,4385/8704
5/8,1
5/8,0
16
5 1 4 3 2 0
5 4 6 7 5 1
5 8 4 3 2 9
5 4 6 10 11 8
5 12 13 14 15 16
5 13 17 18 19 12
5 8 13 14 15 9
5 13 17 10 11 8
5 20 21 22 23 24
5 21 25 26 27 20
5 28 21 22 23 29
5 21 25 30 31 28
5 12 32 33 34 16
5 32 35 18 19 12
5 28 32 33 34 29
5 32 35 30 31 28
415997/820625,5470319/6565000
62/125,35839/85000
62691/164125,686512/820625
118017/320000,115783/340000
228/625,2016/10625
118017/320000,115783/340000
42/625,0
0,527/5000
62/125,35839/85000
415997/820625,5470319/6565000
0,527/5000
118017/320000,115783/340000
62/125,35839/85000
228/625,2016/10625
118017/320000,115783/340000
62691/164125,686512/820625
415997/820625,5470319/6565000
42/625,0
0,527/5000
118017/320000,115783/340000
62/125,35839/85000
228/625,2016/10625
118017/320000,115783/340000
62691/164125,686512/820625
415997/820625,5470319/6565000
42/625,0
0,527/5000
118017/320000,115783/340000
62/125,35839/85000
415997/820625,5470319/6565000
0,527/5000
118017/320000,115783/340000
228/625,2016/10625
118017/320000,115783/340000
62691/164125,686512/820625
42/625,0
