15
565685424949238019519/4,53/38
565685424949238019519/4,36/19
1131370849898476039039/8,87/76
1131370849898476039039/8,193/152
1131370849898476039039/8,53/38
1131370849898476039039/8,36/19
141421356237309504880,87/76
141421356237309504880,53/38
141421356237309504880,36/19
1131370849898476039041/8,87/76
1131370849898476039041/8,193/152
1131370849898476039041/8,53/38
1131370849898476039041/8,36/19
565685424949238019521/4,53/38
565685424949238019521/4,36/19
10
0 3 4
0 4 5 1
2 6 3
3 6 7 4
4 7 8 5
6 9 10
6 10 11 7
7 11 12 8
10 13 11
11 13 14 12
